0.03054114105123199 0.017734214329061738 0.9993761735930168 379405.4229846874 -0.9995335056926936 0.0006403998403217593 0.030534585075264613 4899765.550685982 -9.849346581662638e-05 -0.9998425313669025 0.01774549996088513 72.6494750977
0.030394120946157795 0.018166179891204795 0.9993728970309684 379405.57665990654 -0.9995379867206381 0.000654970303457341 0.030387236076274225 4899765.552470284 -0.00010253957267730975 -0.9998347668100275 0.018177694121479203 72.6499557495
0.030406260737475314 0.01858765943458854 0.9993647773584521 379405.7305267649 -0.999537617300012 0.0006699247153493794 0.030399059246798577 4899765.5542510655 -0.0001044518035906852 -0.9998270100960563 0.01859943472800211 72.6503448486
0.03040139321279325 0.0190094891201091 0.9993569905764974 379405.884514009 -0.9995377650461024 0.0006856245606264611 0.030393850786049368 4899765.556062968 -0.00010741212173736867 -0.9998190682530286 0.019021546211646 72.6507949829
0.030444254835652284 0.019386069279702656 0.9993484515750172 379406.0386683244 -0.9995364602526765 0.0006999197240017485 0.030436404812816516 4899765.557838468 -0.00010942144008162454 -0.9998118275106884 0.019398391600489156 72.6511764526
0.030592742669359307 0.01972659852219458 0.9993372530866197 379406.19316599384 -0.9995319265727964 0.0007126959214553806 0.030584633824803812 4899765.559607658 -0.00010889279202302006 -0.9998051577058741 0.019739168348543817 72.6515045166
0.031146813549601027 0.02010531811151694 0.9993125898282985 379406.3483169957 -0.9995148152921666 0.0007266347160599862 0.031138497289620152 4899765.561287054 -0.00010008582644263411 -0.9997976036106628 0.02011819567464289 72.6516113281
0.03186658287399039 0.020654446651395816 0.9992786972258838 379406.5036229977 -0.999492127579763 0.0007468760944463925 0.031857951631863266 4899765.562708046 -8.832900824447902e-05 -0.999786395191305 0.020667757216546595 72.6516494751
0.03201519278136791 0.021329374864154864 0.9992597686282962 379406.6586632496 -0.9994873784280536 0.0007715241406406569 0.03200601683304879 4899765.564011709 -8.828470332717962e-05 -0.9997722053139929 0.021343141460581454 72.6521377563
0.03253026458899368 0.021803641467725052 0.9992328973290046 379406.81394448 -0.9994707478341769 0.0007878402687824991 0.03252081689475372 4899765.565388721 -7.816368259725287e-05 -0.999761961932168 0.021817730495652787 72.6524887085
0.03266600324044671 0.022332130253389954 0.9992167973921579 379406.9690887396 -0.9994663207641042 0.0008066627553617336 0.0326561319427739 4899765.566701588 -7.674998287017021e-05 -0.9997502814470945 0.022346562507360994 72.6530532837
0.03271036879637882 0.022904988831953254 0.9992023785299017 379407.1242231756 -0.999464869743962 0.0008266000778118975 0.03270001345560363 4899765.5679146405 -7.694732083732746e-05 -0.9997373046050244 0.022919770072807405 72.6536941528
0.03280171980762914 0.02348872964807517 0.9991858319437789 379407.27951588074 -0.9994618757264061 0.0008493096465656414 0.03279081643658943 4899765.569047008 -7.84035435628583e-05 -0.9997237409667953 0.02350394860955222 72.6542816162
0.03281452451107436 0.023780830386554732 0.9991785021142309 379407.434951275 -0.9994614553086818 0.0008603798934353151 0.032803339749037 4899765.570554531 -7.958243448752183e-05 -0.9997168258324779 0.023796256303696885 72.6548461914
0.032761336063210196 0.023687440875819085 0.999182465820987 379407.59031683154 -0.9994632000200323 0.00085810978979185 0.03275019775979516 4899765.572607789 -8.163988260281924e-05 -0.9997190449282954 0.02370283828123396 72.6555938721
0.03251244466289088 0.02335185301948226 0.9991984947459633 379407.7457837245 -0.999471326798429 0.0008482493530415026 0.032501498131980805 4899765.574959185 -8.859926943731397e-05 -0.9997269484382181 0.023367086180734926 72.6563186646
0.03262114344293236 0.022973563245537055 0.9992037211661489 379407.90162303037 -0.9994677852559032 0.0008349112512894566 0.032610568208210886 4899765.577581514 -8.506547792767783e-05 -0.9997357242366633 0.022988572136143772 72.6569061279
0.03220679491007529 0.02279084333276091 0.9992213467604673 379408.057277254 -0.9994812221293546 0.0008291484470836274 0.03219625946696924 4899765.580129472 -9.472292254663599e-05 -0.9997399111634157 0.02280572416157176 72.6577072144
0.03187607327878814 0.02268636957896284 0.9992343291679144 379408.21308380336 -0.9994918237452564 0.0008246330052598221 0.03186556521996591 4899765.582707965 -0.00010108761839782853 -0.9997422911009284 0.02270112696674025 72.6583938599
0.03136343637548916 0.022565825412433103 0.9992532803960046 379408.3689572966 -0.9995080403104187 0.0008186313015564398 0.031352945597158 4899765.585451898 -0.00011051491700414278 -0.9997450241767887 0.022580399026709407 72.6592254639
0.030728968643347232 0.022272158751725935 0.9992795812137133 379408.5248424528 -0.9995277463771974 0.0008060285165577962 0.03071863506328991 4899765.58839562 -0.00012127752170625771 -0.9997516197849186 0.022286409069078743 72.6600723267
0.030045523084121412 0.02171038514480391 0.9993127266874298 379408.68082955724 -0.9995485227852068 0.000783544512180057 0.03003558982121629 4899765.591670803 -0.00013092177987766718 -0.9997639947681961 0.021724125405314793 72.660949707
0.029066988591941918 0.02103953631571838 0.9993560166856532 379408.8367480653 -0.9995774550642056 0.0007584780617114228 0.029057460976415643 4899765.595125031 -0.00014663410903951595 -0.9997783567484593 0.021052692839363715 72.6615219116
0.027878716364823957 0.020304546243029572 0.9994050743195746 379408.99244054314 -0.9996112992172504 0.0007326011719197622 0.027869585083446897 4899765.598450086 -0.0001662860495681827 -0.9997935730426494 0.020317077830292022 72.6612243652
0.026718766884769984 0.019736157861467964 0.9994481435117204 379409.1482487098 -0.999642972715226 0.0007135475686193582 0.02670988489179941 4899765.601550794 -0.00018600328807772822 -0.999804968442713 0.019748176625761952 72.6611175537
0.025518105821989944 0.019502372347512852 0.9994841088021743 379409.3042540464 -0.9996743385301218 0.0007056027633429391 0.02550919459927669 4899765.604514547 -0.00020774893772791109 -0.9998095616654 0.019514026822251323 72.6613311768
0.024722726729166394 0.01918333162118369 0.999510273369407 379409.4608068715 -0.9996943226790406 0.0006934938005281502 0.024713969119565755 4899765.607279343 -0.00021905791284955754 -0.9998157424517081 0.01919461276948548 72.6617126465
0.023882767389996354 0.019099135287978623 0.9995323088590218 379409.6177077643 -0.9997147389554293 0.0006889679937090691 0.023873961514202752 4899765.609859963 -0.00023267374866224038 -0.9998173574980358 0.019110141511028883 72.6626205444
0.023390243117941665 0.019449751978210052 0.9995371947430819 379409.7750245059 -0.9997263807701211 0.0007002716782216605 0.023381043857183616 4899765.612032936 -0.0002451920847938357 -0.9998105904457918 0.01946080967685465 72.6636810303
0.022803585928212796 0.019760612026617965 0.9995446536704343 379409.932495835 -0.9997399305819312 0.0007108792036729033 0.0227939871631399 4899765.613925292 -0.0002601323705662284 -0.9998044873189414 0.01977168349075305 72.6643753052
0.0223674831300108 0.02001905556869799 0.9995493650203406 379410.0903811409 -0.999749780370193 0.0007168774612610933 0.022357610258173285 4899765.616176704 -0.00026897616905925643 -0.9997993416185285 0.020030081152545547 72.6652450562
0.02193954528676623 0.019985226750057344 0.9995595265237378 379410.2483966561 -0.9997592613764037 0.0007136194300737744 0.02192966117880097 4899765.618559059 -0.00027503584843241436 -0.9998000207336755 0.019996072019880892 72.6661605835
0.02180048666988122 0.019846145925969904 0.9995653401718376 379410.40689596813 -0.9997623036417659 0.0007066269790014296 0.02179075251619579 4899765.621188075 -0.0002738573823670444 -0.9998027961404177 0.019856833381394615 72.6670837402
0.021917440749149378 0.019549129883748555 0.999568635618283 379410.5658205239 -0.9997597484451496 0.0006953785245620122 0.021908031349233612 4899765.623920381 -0.00026679561269130227 -0.9998086556784233 0.01955967409250833 72.6683273315
0.022178309925722135 0.019227660015877335 0.9995691169994961 379410.7250341725 -0.9997539982326092 0.0006826566367918676 0.02216928049866312 4899765.626736266 -0.0002560991034269788 -0.9998148984038145 0.01923807014799426 72.6696166992
0.022654817193470903 0.01891733794421779 0.9995643518968825 379410.8846059176 -0.9997433172304012 0.0006714137409794748 0.022646166491085154 4899765.6294789 -0.00024271605620393137 -0.9998208257126338 0.018927692945083906 72.6711959839
0.023220592760808657 0.018655284196893256 0.999556293784082 379411.0445060668 -0.9997303396706709 0.0006613907137395955 0.023212292094675683 4899765.632271051 -0.00022806534468128526 -0.9998257562864926 0.018665611491232525 72.672744751
0.023964221447809728 0.01835782478136121 0.9995442493255098 379411.2046293843 -0.9997127945411131 0.0006510828407988667 0.023956304429784577 4899765.63503688 -0.00021100047022409112 -0.9998312689451312 0.018368155007248487 72.6744766235
0.0247690961759839 0.0180095796698432 0.9995309634597321 379411.364874724 -0.9996931801421102 0.0006397710172899659 0.0247615886081611 4899765.637922691 -0.00019352513851489346 -0.9998376096812727 0.018019900523026107 72.6762161255
0.025581859266228673 0.017609791491613395 0.9995176155126556 379411.5252818052 -0.9996727151681105 0.0006268078719629469 0.02557478563564653 4899765.640916643 -0.00017613886708252178 -0.9998447391247871 0.017620062984732975 72.6779708862
0.026301574928489804 0.01718692629598787 0.9995062964888102 379411.6858115205 -0.9996540408223678 0.0006129293433622744 0.02629492318170937 4899765.6440638965 -0.00016069783131064333 -0.9998521060047413 0.017197101328150798 72.6797103882
0.027009226076622258 0.01679162027183626 0.999494143652372 379411.8464601925 -0.9996351735747792 0.0006002154023789414 0.02700295342350068 4899765.647164523 -0.00014648843950219978 -0.999858830650666 0.016801705598536346 72.6814422607
0.027701244296798225 0.01652823113590372 0.9994795939087138 379412.0072116476 -0.9996162379232238 0.0005920190078401284 0.027695241355059994 4899765.650207708 -0.00013395756706122022 -0.9998632241906953 0.016538287890762098 72.6832122803
0.028279857465999033 0.016385409891914744 0.9994657412860016 379412.1679610594 -0.9996000370839602 0.0005881886926297561 0.028274014497544245 4899765.653139821 -0.00012459313086304102 -0.9998655771536171 0.016395490227984547 72.6849212646
0.02874846397161355 0.016385677812221566 0.9994523677404075 379412.3287471253 -0.9995866705720672 0.0005889083658765318 0.028742672137191255 4899765.655893488 -0.00011761769555510015 -0.9998655723393873 0.016395835340324134 72.6865921021
0.029078238148995714 0.01639066641619706 0.9994427457941667 379412.4895473236 -0.9995771322757149 0.0005895295035153697 0.02907247988085641 4899765.658546898 -0.00011268366610135505 -0.9998654902082567 0.016400877811689203 72.6881256104
0.029359430207362754 0.016380000537112048 0.9994346999380717 379412.6503870364 -0.9995689131622075 0.0005893025408134095 0.02935371462419512 4899765.661177363 -0.00010815554674004332 -0.9998656651295311 0.0163902409212955 72.6895141602
0.029460414219040252 0.016282259621189808 0.9994333254478113 379412.8111634834 -0.9995659421732638 0.0005859474563405811 0.029454777419865297 4899765.663842329 -0.00010602508179354716 -0.9998672635341186 0.016292454433738668 72.6907577515
0.02942909263328086 0.016131417445921368 0.9994366942823177 379412.97198087705 -0.9995668649043535 0.0005802894660039477 0.029423559428073173 4899765.666562101 -0.00010531886575071325 -0.9998697118301569 0.016141507755332164 72.6918792725
0.029290577216541994 0.015938977863119937 0.9994438508845811 379413.1328124 -0.9995709333944122 0.0005729211821274581 0.029285164748430473 4899765.669181617 -0.00010582695987575947 -0.9998728022833695 0.015948920172115764 72.6928253174
0.02904535358425036 0.015834120369572855 0.9994526742509062 379413.2937379031 -0.9995780889057629 0.0005679050744115452 0.02904000109038088 4899765.6716994075 -0.00010777137254366085 -0.9998744711792318 0.01584393478221002 72.6936340332
0.02873301805535198 0.015788118120046372 0.9994624300090816 379413.4547414181 -0.9995871154909933 0.000564393794551706 0.028727687063879348 4899765.6741157705 -0.00011053427670443913 -0.9998752006054916 0.015797816187737422 72.6943054199
0.028317567496438684 0.01579135520090362 0.9994742360221215 379413.61587863235 -0.9995989707635353 0.0005614870044290261 0.028312230234029873 4899765.676418564 -0.00011410331063272203 -0.9998751511230103 0.015800922351930948 72.6948776245
0.027820078438220215 0.015819928491335598 0.9994877553518204 379413.77715875936 -0.9996129397441033 0.0005583462045019089 0.027814725338707564 4899765.678674289 -0.00011803322878232743 -0.9998747012061286 0.0158293384609704 72.6953353882
0.02731093082406931 0.01590703437275275 0.9995004148648398 379413.93862110865 -0.9996269794823721 0.0005568921034617218 0.027305526219691813 4899765.680848887 -0.00012226394430220517 -0.9998733200404185 0.01591630996427121 72.6957702637
0.026928223569899545 0.01604004501345327 0.9995086731646383 379414.10032137175 -0.9996373618534062 0.0005568640632564584 0.026922754115750996 4899765.682930226 -0.00012474827309575168 -0.9998711951338439 0.016049223641251723 72.696144104
0.026553499124067983 0.01619727552444138 0.9995161629257695 379414.26224398776 -0.9996473855564797 0.0005576883953886634 0.026547947825556684 4899765.684940813 -0.00012741413952807023 -0.9998686599995217 0.01620637270946424 72.6965560913
0.026239597658854794 0.01640117342946544 0.9995211278531524 379414.4244118904 -0.9996556740977309 0.0005599917972034515 0.026233940866713833 4899765.686824669 -0.00012945621883599326 -0.9998653348923162 0.016410220040076945 72.6969833374
0.026002836737254044 0.016569099090552174 0.9995245456900712 379414.5867943637 -0.9996618606006928 0.0005611767950937137 0.02599710639601586 4899765.688649027 -0.00013016134922463974 -0.9998625655738553 0.01657808861392219 72.6974258423
0.025836570195624683 0.01666923389031993 0.9995271923674894 379414.74939283973 -0.9996661717472726 0.0005600914097970074 0.025830821933594168 4899765.690491636 -0.00012924658191326447 -0.999860901795406 0.01667814007012121 72.6979522705
0.02572414223652216 0.01665472524677444 0.9995303340235101 379414.91217476374 -0.9996690714223991 0.0005556682584757391 0.02571845396334307 4899765.692319767 -0.00012707349546922162 -0.9998611460396594 0.016663507811555543 72.6985321045
0.02561275715030619 0.016602340505003917 0.9995340659331804 379415.07514136384 -0.9996719317184595 0.0005503167689776505 0.025607149113824453 4899765.694200059 -0.0001249217486973188 -0.9998620202013925 0.016610988933444454 72.699256897
0.025582743866257546 0.016465480986087723 0.9995370984371568 379415.23825865507 -0.9996727006592517 0.0005429372568480807 0.025577270686550392 4899765.696022028 -0.00012154386617794552 -0.9998642873685568 0.016473981669793268 72.7000198364
0.02550703661563975 0.01633312155909089 0.9995412048651242 379415.40151947096 -0.9996746354991713 0.0005360269160158434 0.025501682586527297 4899765.697830251 -0.00011925890782751111 -0.9998664619914408 0.016341479799321632 72.7008972168
0.025445161550743313 0.016211944869762882 0.9995447546744449 379415.56489924365 -0.9996762125850932 0.0005299115512843934 0.025439913232389207 4899765.699591845 -0.00011723984071266852 -0.9998684373642802 0.016220179331072924 72.7018432617
0.02532871229333827 0.016080511272502714 0.999549835421314 379415.72840595886 -0.9996791699894263 0.0005233084041951404 0.025323570790188314 4899765.701306663 -0.00011585686373619946 -0.9998705632758317 0.01608860688991167 72.702835083
0.02508669818577853 0.01600963315954035 0.9995570765195115 379415.89203183516 -0.999685272506458 0.000518000119079869 0.025081618958219472 4899765.702985961 -0.00011622316609576633 -0.999871703430982 0.016017589400471075 72.7038879395
0.024788083513426557 0.016007586152105437 0.9995645592463323 379416.0557596753 -0.9996927212833465 0.0005149609401042905 0.024783014916015752 4899765.704563388 -0.0001180204587473858 -0.9998717377748073 0.016015432256365352 72.7049560547
0.024481344985599483 0.01608104335252697 0.9995709398498889 379416.2196388216 -0.999700279730237 0.0005140529519240054 0.02447624270283909 4899765.706115813 -0.00012022887227596058 -0.9998705595197094 0.0160888082455322 72.7060317993
0.02409372687028375 0.01618753811365455 0.9995786391951956 379416.383644705 -0.9997096963296196 0.0005142077272290744 0.024088558590191447 4899765.707610356 -0.00012405659996556783 -0.9998688409987743 0.01619522799246018 72.7070770264
0.023693236356482853 0.016374397197619774 0.9995851687912193 379416.5478324032 -0.9997192676216347 0.0005165309519396571 0.023687953517308527 4899765.709001558 -0.00012844071908932702 -0.9998657971508927 0.01638203866407993 72.7080841064
0.023276926145562014 0.016503477558301245 0.9995928270739526 379416.71217959654 -0.9997290468184435 0.0005171507552182063 0.02327155995164221 4899765.7103787195 -0.00013287851802340722 -0.9998636745994821 0.01651104356848541 72.7090301514
0.022883396804993194 0.016541181026888545 0.9996012902557203 379416.8766961073 -0.9997381315157913 0.0005148108544414673 0.02287801047072481 4899765.711841661 -0.00013617628160602987 -0.9998630527727383 0.016548630033947714 72.7099151611
0.022430679846054142 0.01642339493763132 0.9996134936566065 379417.04132583743 -0.9997483909090626 0.0005080547200286354 0.022425359643527116 4899765.7133803 -0.0001395578156124884 -0.9998649978767754 0.016430658674930196 72.7107467651
0.02204137654496651 0.016272061748258734 0.9996246284113172 379417.2061723854 -0.9997570493053279 0.0005004805647313062 0.022036149471005653 4899765.714981622 -0.0001417191136605551 -0.9998674759815248 0.01627913972013393 72.7115631104
0.02164200614371434 0.016056476138400937 0.999636840629682 379417.3711700364 -0.999765774034032 0.000491257886733946 0.021636906798832397 4899765.716546837 -0.00014366700410487862 -0.9998709657949398 0.01606334710097022 72.7123260498
0.021297101431967586 0.015838565030824318 0.999647724615207 379417.5363990445 -0.999773180511055 0.00048232534939394967 0.02129213218695161 4899765.71809669 -0.00014491861775795588 -0.9998744457280733 0.01584524466748766 72.7130966187
0.02092510350568898 0.015678864099519872 0.9996580981834865 379417.7017955323 -0.9997810352419667 0.0004751840638954248 0.02092022396167733 4899765.7196323555 -0.00014701624917414256 -0.999876966141662 0.01568537425655735 72.7138366699
0.020609353982318574 0.01548939434450188 0.9996676113545302 379417.8674151905 -0.99978759382123 0.0004668530597075716 0.02060459389010311 4899765.721141698 -0.00014754520297930086 -0.9998799231463051 0.015495725841402942 72.7146224976
0.020271688244462252 0.01536206847236865 0.999676480421526 379418.03325903823 -0.9997944972188979 0.00045977059121499295 0.020267016105353884 4899765.722680253 -0.00014827855728608377 -0.9998818907567302 0.01536823185066318 72.7154312134
0.0200464293011217 0.015260384116723126 0.9996825802968085 379418.1993885067 -0.9997990391651836 0.00045416797773900337 0.020041831648413704 4899765.724113561 -0.00014817776651681905 -0.9998834504121258 0.01526642182344799 72.7163009644
0.01993145369010028 0.015263653634758687 0.9996848293494892 379418.36578229454 -0.9998013379960491 0.0004515919429722538 0.019926881492769503 4899765.725586453 -0.00014729259731930498 -0.9998834016736328 0.015269622210638168 72.7172241211
0.019835271758206503 0.01528669379640513 0.9996863903180102 379418.5323740719 -0.9998032508409785 0.00045026361809122095 0.019830705244276985 4899765.7269668225 -0.00014697649222511215 -0.9998830502891072 0.015292617253484143 72.7182235718
0.019874613995278113 0.015289774082080208 0.9996855618278468 379418.69922935136 -0.9998024699005438 0.00044851598041892034 0.019870078363907445 4899765.728342348 -0.0001445659406964811 -0.9998830039769324 0.015295667973466648 72.7192306519
0.01992016816387104 0.015221072059191113 0.999685703541714 379418.8662862976 -0.9998015637064983 0.00044508920866259726 0.019915699978584403 4899765.72982528 -0.00014181101421742928 -0.9998840537087114 0.015226917897953048 72.7202758789
0.020063707117011158 0.015008346923378638 0.9996860493071564 379419.03352873586 -0.9997986941893493 0.00043814106570419514 0.020059390062477978 4899765.731404804 -0.0001369452258840107 -0.9998872724237639 0.015014116389952925 72.7213363647
0.020126360034993896 0.014660677328713538 0.9996899490201975 379419.2009026102 -0.9997974355475215 0.00042744239592321716 0.02012225547987715 4899765.733181914 -0.00013230397227313533 -0.9998924351315303 0.014666310456192056 72.7224273682
0.020312255540016044 0.014207657895784261 0.999692730158619 379419.3684531756 -0.999793676949188 0.0004143894604748813 0.020308417313960866 4899765.735011335 -0.00012572708548951337 -0.9998989802667525 0.014213143713076564 72.723526001
0.02042819494223023 0.013775088831104227 0.9996964218096898 379419.5361329287 -0.9997913153961283 0.0004019296076713987 0.0204245957382234 4899765.736916164 -0.0001204569699750496 -0.9999050381812693 0.013780424878526775 72.7246398926
0.020534006043516056 0.013324845922935822 0.9997003566453975 379419.7039410544 -0.999789148382252 0.00038932551978449636 0.020530640582574235 4899765.738851966 -0.00011564123851774071 -0.9999111445057354 0.013330030770192878 72.725769043
0.020638878036748732 0.012919221904049987 0.9997035212595674 379419.8719733707 -0.9997869895170401 0.00037764110333549577 0.020635720962715244 4899765.740816985 -0.00011093168250946905 -0.999916472057837 0.012924264063026145 72.7269134521
0.02062708484864337 0.012555613222127757 0.9997083974576103 379420.0400849227 -0.9997872332731925 0.00036654744969694505 0.020624107905610384 4899765.7427472165 -0.00010749224161443559 -0.9999211079978177 0.012560502610745376 72.7280426025
0.020639125706384192 0.012311355492804876 0.9997111868014711 379420.2083701015 -0.9997869850810938 0.00035881845927634743 0.020636271750736058 4899765.744563148 -0.00010465435019999412 -0.9999241480108594 0.012316138689699725 72.7291641235
0.020704179980043556 0.012150960039047724 0.9997118040222811 379420.37686985196 -0.9997856403041648 0.00035349157019814087 0.020701412640232914 4899765.746319582 -0.00010184765760614463 -0.9999261118771923 0.012155674116040457 72.7302322388
0.02077099711417254 0.012077586499659053 0.9997113071198235 379420.54555141623 -0.9997842545589115 0.0003510067316348131 0.020768272204393985 4899765.747972675 -0.00010007479449346297 -0.9999270016849318 0.012082271575242241 72.7313308716
0.020869891649041652 0.012078152247720129 0.9997092406599222 379420.71441561345 -0.9997821952519507 0.0003505245999264529 0.020867179725471002 4899765.749566859 -9.838570792031979e-05 -0.9999269950205294 0.012082836979233702 72.7323226929
0.020998431391135466 0.01204880365870866 0.9997069031518717 379420.8834628501 -0.9997795039814916 0.00034950027771255026 0.0209957440467982 4899765.751124347 -9.642424259436003e-05 -0.9999273494509238 0.012053485903076854 72.733291626
0.021238054819962524 0.011937273523819769 0.999703179212851 379421.05270274845 -0.9997744427806875 0.00034627838013357885 0.021235433921846823 4899765.752733852 -9.268241439012867e-05 -0.9999286882533679 0.011941935264817809 72.7341995239
0.021335697733284 0.011729912309366571 0.9997035546397984 379421.22202453716 -0.9997723640293171 0.00034047851951732826 0.021333171297492654 4899765.754452964 -9.014135763968434e-05 -0.9999311442452387 0.011734506506169102 72.7350845337
0.02154122339589407 0.01149359589998032 0.99970189203977 379421.3915224042 -0.9997679571857847 0.0003341401343842026 0.02153880532743902 4899765.7561910665 -8.648219994838289e-05 -0.999933890616604 0.011498126680922541 72.7359924316
0.02168114715881462 0.011229212907266965 0.9997018718774917 379421.5611081055 -0.9997649328026142 0.0003271763136972534 0.021678839771630435 4899765.757927558 -8.364246585895675e-05 -0.9999368968755693 0.011233666845464155 72.7368240356
0.02184970918925672 0.01099197443432112 0.9997008386044197 379421.73082934483 -0.9997612633222456 0.0003212904710509298 0.021847497173375516 4899765.759650449 -8.104722296157693e-05 -0.9999395348072144 0.010996370350220452 72.7377090454
0.02191804811385607 0.010787890224986902 0.9997015657641896 379421.90062265424 -0.9997597675365495 0.0003164091720207295 0.021915909757530293 4899765.76138313 -7.988831604631799e-05 -0.9999417589588553 0.010792233694998736 72.7385177612
0.02197764614474918 0.010529296318595898 0.9997030143942606 379422.0705850768 -0.9997584593209273 0.00030949356034846396 0.02197560533823222 4899765.763190483 -7.80139848292066e-05 -0.9999445175272332 0.010533555005166364 72.7393569946
0.021997510438643224 0.010296416562262925 0.999705003158671 379422.2406599005 -0.9997580225633796 0.00030308057778388373 0.021995555512974063 4899765.765029106 -7.651576789080957e-05 -0.9999469445666304 0.010300592079950363 72.7401885986
0.02203303089832161 0.010164543792566616 0.9997055704550829 379422.4109169485 -0.9997572404353186 0.00029983084325747774 0.022031121138566312 4899765.766786604 -7.580626858644794e-05 -0.9999482947387602 0.01016868243457411 72.7410354614
0.022090038389950484 0.010131514039532951 0.9997046476971073 379422.581349461 -0.9997559824784272 0.00029938977883442767 0.02208813854436926 4899765.76852977 -7.551506760436027e-05 -0.999948630075079 0.010135655304295256 72.7418746948
0.02214498913290336 0.010175235960526241 0.9997029879066338 379422.75192284246 -0.9997547667680889 0.0003014319623787193 0.022143068063303448 4899765.7701147925 -7.603149100646031e-05 -0.9999481855135893 0.01017941586205737 72.742729187
0.022219901396694067 0.010184231866336812 0.9997012340710668 379422.9226643145 -0.9997531046285433 0.0003023074492177864 0.02221797461055078 4899765.771718951 -7.594412501766392e-05 -0.9999480936686158 0.010188434668340277 72.7434844971
0.0223180678339672 0.010152640530608105 0.999699368679612 379423.0935663031 -0.9997509180518249 0.0003021748599078292 0.02231614986702208 4899765.773364604 -7.551616905365397e-05 -0.9999484149597969 0.010156855650146762 72.7442474365
0.022370066863422335 0.010004214984558243 0.999699702806332 379423.2645815109 -0.9997497559496858 0.0002986126427177579 0.02236819860947961 4899765.775085959 -7.474670247262524e-05 -0.9999499120021124 0.010008391474064154 72.7449569702
0.022425495839949783 0.009779197396649675 0.9997006874232955 379423.4357746336 -0.9997485142678367 0.0002925552860918252 0.02242370688930553 4899765.776926267 -7.318186458018453e-05 -0.9999521397095372 0.009783298765383617 72.7456665039
0.02252647135080666 0.009528988291041311 0.9997008334850134 379423.6071178367 -0.999746244305548 0.0002860360453405867 0.02252476815268773 4899765.778674932 -7.131222094835992e-05 -0.9999545572502432 0.009533013638780757 72.74634552
0.02260561336062248 0.009375329080797572 0.9997004998744458 379423.7786528822 -0.9997444580126128 0.00028213008473019715 0.022603961504178784 4899765.780431184 -7.012600910304167e-05 -0.9999560108360978 0.009379311014184667 72.7470245361
0.022699715562985796 0.00926016557908148 0.9996994409555342 379423.95033821237 -0.9997423258599334 0.0002795363865724987 0.022698099999320293 4899765.782106898 -6.926420505900192e-05 -0.9999570846755658 0.009264124870343716 72.7477111816
0.02280441738376455 0.00911000274016613 0.999698437729029 379424.12223913363 -0.9997399431764865 0.00027538384230629196 0.0228028546724993 4899765.783778651 -6.756672837933872e-05 -0.9999584651443346 0.00911391358987202 72.7483825684
0.02286963924537363 0.009006216740307786 0.999697888194635 379424.2943239135 -0.999738453401446 0.0002723041251678731 0.022868114066274158 4899765.785458139 -6.626666715406405e-05 -0.999959406131314 0.009010088692061137 72.7490615845
0.02297609824792539 0.008930861379348327 0.9996961231415897 379424.4666154848 -0.9997360125024884 0.0002701875431194733 0.022974601287414763 4899765.787089385 -6.492246003398973e-05 -0.9999600825601562 0.008934711599138249 72.74974823
0.023078278973540655 0.008862183979445482 0.9996943806657782 379424.6390841547 -0.9997336590353283 0.00026808658782263595 0.023076809168846323 4899765.788795153 -6.34937268652813e-05 -0.9999606941398727 0.008866010593878133 72.7504196167
0.02317872720293502 0.008839111096562768 0.9996922610084938 379424.81169491936 -0.9997313352547094 0.0002675194350212608 0.023177267811110295 4899765.790409424 -6.257066376292697e-05 -0.999960898509724 0.008842937099037254 72.7511291504
0.02327575578923226 0.008820414682805578 0.9996901717418569 379424.98448155704 -0.999729081011373 0.00026679316428582814 0.023274307756902583 4899765.792031577 -6.142145835333363e-05 -0.9999610637951014 0.008824234877518596 72.7517929077
0.023336503451041258 0.008740965678159638 0.9996894533432336 379425.157437512 -0.999727664916071 0.0002641210010329534 0.023335086062772552 4899765.793739509 -6.006779276750456e-05 -0.9999617621484884 0.008744748867190153 72.752494812
0.023369210708805332 0.008505923179396935 0.9996907168028087 379425.3305068895 -0.9997269010326533 0.0002566590264893135 0.023367872769932272 4899765.79553425 -5.781431551804754e-05 -0.9999637910429608 0.008509598139430656 72.7531967163
0.023291171436357946 0.00814620811010019 0.9996955339634909 379425.5037154851 -0.9997287223448518 0.00024504294201602405 0.02328994788930783 4899765.7975153215 -5.524357238300367e-05 -0.9999667890722089 0.008149705563037499 72.7539901733
0.023267185625409952 0.0076985912626904695 0.9996996397746889 379425.67705163406 -0.9997292810462015 0.00023106926195449825 0.023266096059312933 4899765.799482941 -5.1883694099771404e-05 -0.999970338709887 0.0077018834395283335 72.7547683716
0.023178918816009936 0.007307843281946553 0.999704622950743 379425.85053990525 -0.9997313315582437 0.00021867238285294517 0.023177939579907034 4899765.80146999 -4.9227042001357316e-05 -0.9999732734473235 0.007310948484488846 72.7555923462
0.023026841038262257 0.006913788418485901 0.9997109402829913 379426.0241221577 -0.9997348460294764 0.00020643912731068006 0.02302596398211734 4899765.803355316 -4.718281097092378e-05 -0.9999760781701685 0.0069167088410040396 72.7564239502
0.02286045440241205 0.006570637326661324 0.9997170731510173 379426.1978471168 -0.9997386646460759 0.00019538207192209224 0.0228596639854354 4899765.805182466 -4.512423163049824e-05 -0.999978394042075 0.006573386709776277 72.7572555542
0.02251839306271789 0.006319809923780215 0.9997264535743766 379426.37165029114 -0.999746427846308 0.0001868828355398918 0.022517661587133222 4899765.8069192935 -4.452437324953044e-05 -0.9999800123389132 0.00632241569711428 72.7581100464
0.0222082033901511 0.006190650262044908 0.9997342004510573 379426.54564982076 -0.9997533664486502 0.00018198816356275907 0.02220750222108095 4899765.8084747335 -4.446091174667352e-05 -0.9999808211809071 0.0061931650701366175 72.758934021
0.021829755831885747 0.006209316457651604 0.9997424199009708 379426.7197904227 -0.9997617014409979 0.00018132990266791861 0.02182905062680091 4899765.809883144 -4.5739712381727505e-05 -0.99998070556816 0.006211795173987619 72.7597503662
0.02148015633535537 0.0063483737036121365 0.9997491190469376 379426.89407885703 -0.9997692736774197 0.0001843048164927358 0.021479419039144954 4899765.811077725 -4.7899198927746424e-05 -0.9999798318881505 0.00635086786296476 72.7605361938
0.02109602177950463 0.006562134270734434 0.9997559183415177 379427.0685329336 -0.9997774528770251 0.00018930711603350759 0.021095233621445966 4899765.812158155 -5.08311541422238e-05 -0.9999784510461356 0.006564667513674766 72.7612762451
0.020774894769579045 0.006692129136189349 0.999761781203371 379427.2432028056 -0.9997841771839051 0.00019198369110339105 0.02077407506879686 4899765.813245732 -5.2915163934243815e-05 -0.9999775890238175 0.006694673263013654 72.7620162964
0.020510610465064028 0.006665677824629474 0.9997674147507952 379427.41805755766 -0.9997896338688301 0.0001902982902101458 0.020509797536570624 4899765.81439658 -5.3542327007735e-05 -0.9999777660156745 0.006668178725876551 72.7627029419
0.02016893777798597 0.006543937986249197 0.9997751701380365 379427.593089818 -0.9997965848370226 0.00018584596236317498 0.020168153348901572 4899765.815644168 -5.382503382873446e-05 -0.9999785709388529 0.006546355165688403 72.763420105
0.020013692905674167 0.006382383783747038 0.9997793342900795 379427.76836797496 -0.999799704595361 0.0001805651058541938 0.020012947990527722 4899765.81679835 -5.2794946607206604e-05 -0.9999796160789877 0.006384719196182557 72.7640838623
0.019813156584498927 0.006313443648645633 0.9997837662492093 379427.94386909885 -0.9998036987535129 0.00017789576898444585 0.019812428217917562 4899765.817915101 -5.277265281840937e-05 -0.9999800541922778 0.006315728988514387 72.7647399902
0.019703424595174213 0.006294595896091073 0.9997860536743485 379428.11958336463 -0.999805867291517 0.00017686633725879055 0.0197027015344692 4899765.818894604 -5.2807953135025466e-05 -0.9999801731938507 0.006296858781680561 72.7654190063
0.019641055951571496 0.006312214749830693 0.9997871697846794 379428.2955523308 -0.99980709447301 0.00017657149500087697 0.019640332582339846 4899765.819824983 -5.255991823375055e-05 -0.9999800621849714 0.006314465139330667 72.7660980225
0.01949926098194189 0.006398082313273854 0.9997893995056513 379428.47176125366 -0.9998098699232795 0.00017794278912444455 0.01949852149160873 4899765.820773176 -5.3152168794637205e-05 -0.9999795162297458 0.006400335598277759 72.7668151855
0.019484367070391344 0.0065492671897980645 0.9997887109480398 379428.6482230396 -0.9998101602638687 0.00018124198666788025 0.019483597832006018 4899765.82157228 -5.360040419996407e-05 -0.9999785368949771 0.006551555264039704 72.7675476074
0.019468854111804504 0.00682323542862379 0.9997871809429539 379428.82487564534 -0.9998104623881549 0.00018781811258636804 0.01946802567135678 4899765.822323433 -5.494321882659223e-05 -0.9999767038199651 0.0068255987723090895 72.7683105469
0.01957257909860874 0.007150034277206632 0.9997828720063489 379429.00182943384 -0.9998084371532894 0.00019605680377474428 0.019571677465832417 4899765.822946831 -5.607606961116463e-05 -0.9999744189585874 0.007152501933586114 72.7690963745
0.020004460985269947 0.007682175378440291 0.9997703764975954 379429.1793231322 -0.9997998891747651 0.00020981459704009773 0.020003439303335355 4899765.823393636 -5.6096489777262136e-05 -0.9999704696436239 0.00768483531990634 72.7697296143
0.02045726724779716 0.008250544020261602 0.9997566847689101 379429.35690733936 -0.9997907266311096 0.00022503543695974725 0.02045610670411308 4899765.823549894 -5.620667356494654e-05 -0.9999659383611132 0.008253421011193413 72.7704086304
0.020743664330527063 0.00853702199585667 0.9997483781660187 379429.5345644138 -0.9997848255322184 0.00023214301066407602 0.020742438263963898 4899765.824193704 -5.500594670682794e-05 -0.9999635320175756 0.008540000543382165 72.771270752
0.02126266515194481 0.008471739438114986 0.9997380300366335 379429.7124645103 -0.9997739227022802 0.00023073041341123462 0.02126147332551027 4899765.8250219375 -5.0548306889130595e-05 -0.9999640875523326 0.008474730113676564 72.7719497681
0.021887832724385305 0.008474072641267335 0.999724518490719 379429.890628925 -0.999760431646997 0.00023126729250320585 0.02188665868628051 4899765.8258897625 -4.573444705825397e-05 -0.9999640676585884 0.00847710446145437 72.7726898193
0.022456965926761174 0.008464355358715798 0.9997119782065861 379430.0688179073 -0.999747809650558 0.0002323341384946869 0.0224558036988204 4899765.826790471 -4.219331882706591e-05 -0.9999641497119831 0.00846743824981188 72.7733764648
0.023068521848485457 0.008514411239540002 0.9996976283361735 379430.24713424087 -0.9997338854726473 0.0002356870174797621 0.023067351156855747 4899765.827666622 -3.921083844779576e-05 -0.9999637239684617 0.008517582382129442 72.7741012573
0.02370336193532506 0.008645668587049826 0.9996816508507324 379430.42560310615 -0.9997190352017581 0.0002408896556406749 0.023702165036967846 4899765.828584416 -3.589190491855074e-05 -0.9999625964939172 0.008648949353213725 72.7747268677
0.02415432175277208 0.008822442069414207 0.9996693119510048 379430.60411189357 -0.9997082412175421 0.00024755692264889106 0.024153077594764486 4899765.82950148 -3.438593065524915e-05 -0.9999610508572331 0.008825847614019517 72.7753677368
0.024832043630257424 0.009067509228265677 0.9996505138724937 379430.7828610473 -0.999691636771746 0.0002565119541909802 0.02483073841521953 4899765.830458574 -3.1269357096796735e-05 -0.9999588563926082 0.009071082857885979 72.7759399414
0.0254185556177853 0.00938196584889879 0.9996328704815162 379430.96165135177 -0.9996768958793296 0.00026814807220799 0.025417158410796382 4899765.8314815825 -2.958671494921555e-05 -0.9999559524366168 0.009385750433760243 72.7764434814
0.02609127433971821 0.009732320016378688 0.9996121884763253 379431.14051433734 -0.9996595643711935 0.00028167325959731264 0.026089768518911188 4899765.832547704 -2.7650047082043855e-05 -0.9999526001802653 0.009736356002184483 72.7769927979
0.026793687806659167 0.010005647416715632 0.9995909089790141 379431.3194436523 -0.9996409843799001 0.00029352417321498893 0.026792091959084916 4899765.833745943 -2.5331869412458762e-05 -0.9999498991766198 0.010009919828064649 72.7773971558
0.027484103892169584 0.010189368958224494 0.9995703080791654 379431.49846447946 -0.9996222403936524 0.0003034747523947108 0.027482438273371705 4899765.835142504 -2.33156483064151e-05 -0.9999480409817841 0.01019386055784137 72.7778778076
0.02799491333789615 0.010252017560707764 0.9995554916877493 379431.67738640396 -0.9996080653477675 0.0003099039184422813 0.02799320723416091 4899765.836807556 -2.2779311429385417e-05 -0.9999473986642978 0.010256675173110292 72.7780838013
0.028309710489200595 0.01036180878133776 0.999545493317236 379431.85615641007 -0.9995991995042135 0.00031881486077868607 0.02830792658638562 4899765.838464296 -2.534863500962247e-05 -0.9999462641941633 0.010366681319649254 72.7778015137
0.02897928362797313 0.010281387570773955 0.9995271352944997 379432.03513708967 -0.9995800120538939 0.0003230364928509043 0.028977493848875078 4899765.840283834 -2.4954895204843558e-05 -0.9999470929589445 0.010286430878073497 72.7777252197
0.029334065478919844 0.010111191178541304 0.9995185222973256 379432.2140200923 -0.9995696633236084 0.0003244101299147154 0.02933228462284717 4899765.842438506 -2.7669596145644756e-05 -0.9999488279762213 0.010116356230128113 72.7776794434
0.029954485004710832 0.009973252360039127 0.9995015072852396 379432.3931133577 -0.9995512633220214 0.00032751528384801184 0.029952708142838222 4899765.844733759 -2.8626102689916368e-05 -0.9999502122461407 0.009978587547565278 72.7775192261
0.030490695109553097 0.009696757983309084 0.9994880141334109 379432.5722532893 -0.9995350502087019 0.00032607696353372315 0.030488966497759815 4899765.847394827 -3.0265887446977906e-05 -0.9999529321715233 0.009702191790985831 72.7775421143
0.031056543249516465 0.009330128982050719 0.9994740816122093 379432.7514294498 -0.9995176287410595 0.00032085427997191813 0.031054901197405012 4899765.850288566 -3.093930310964945e-05 -0.9999564219233302 0.00933559302081031 72.7774276733
0.031590117552757736 0.009145326291311767 0.9994590674359948 379432.9306778838 -0.9995009071325479 0.00032244134886925404 0.03158848956171163 4899765.8532032035 -3.33798857521202e-05 -0.9999581286426957 0.009150947884303899 72.7774505615
0.03209862583401961 0.009152585301509836 0.9994427989644362 379433.1100110676 -0.9994847056734483 0.00033062068575580354 0.032096944010649574 4899765.856382953 -3.666644559206609e-05 -0.99995805955663 0.009158481495915749 72.7773895264
0.03262568889808984 0.008989846535582184 0.9994272094971158 379433.2893544837 -0.9994676397241162 0.00033307652405703374 0.032624012695149036 4899765.859684743 -3.960087348304549e-05 -0.9999595350409415 0.00899592754945349 72.7774734497
